2009
10 23 104 102 303 306 100 200 104 204 303 100 203 206 202 300 203 206 -1
11 20 204 204 102 102 201 101 101 202 100 201 306 103 -1
10 22 202 301 104 100 303 202 100 305 201 104 204 301 206 202 -1
10 23 100 203 205 206 100 203 205 203 300 206 203 104 304 305 103 203 300 -1
10 20 301 305 204 300 100 105 106 205 202 202 106 302 103 202 -1
10 20 201 104 203 303 300 105 206 304 204 206 202 103 202 205 -1
10 21 303 105 200 302 300 203 106 306 304 203 102 306 303 206 -1
11 21 301 103 102 300 106 105 204 103 101 203 201 304 102 106 -1
11 21 300 302 101 104 202 101 303 306 200 204 200 302 300 300 -1
10 21 202 303 103 202 205 202 103 203 201 201 102 306 305 301 301 202 -1
11 20 106 303 106 302 100 304 104 104 103 100 200 -1
11 20 105 306 305 200 206 206 201 105 101 205 304 203 103 303 200 -1
10 21 206 106 106 200 100 105 200 201 204 204 101 203 106 -1
2009
2010
10 20 104 206 305 303 100 100 302 102 201 306 200 202 206 -1
10 20 203 301 203 102 200 100 305 101 100 303 303 102 205 -1
10 22 305 201 201 206 204 103 204 106 202 101 305 300 305 -1
11 21 302 205 200 303 201 204 305 304 100 304 205 205 -1
11 23 204 200 303 100 100 302 304 201 201 201 200 -1
10 21 301 104 201 205 302 206 104 205 103 302 300 302 305 -1
11 21 104 301 206 300 302 104 303 204 205 203 204 200 305 105 102 301 300 -1
10 20 304 206 203 205 301 305 106 106 306 202 301 -1
10 22 304 202 202 206 105 206 100 303 104 203 100 303 204 300 200 104 -1
11 22 202 300 102 303 104 102 305 105 201 304 102 -1
10 21 201 205 204 204 303 105 203 105 302 205 301 300 204 202 -1
10 22 303 305 301 304 305 300 100 103 303 304 303 302 203 103 305 -1
11 22 304 102 303 102 300 202 302 306 106 200 106 201 106 300 201 -1
2010
2011
10 21 300 203 204 204 100 300 106 200 105 204 305 204 201 -1
10 22 101 201 201 100 205 201 102 204 200 304 101 100 201 301 200 -1
11 20 105 205 301 200 303 101 204 200 302 103 200 206 106 202 104 200 202 306 -1
11 20 102 304 201 303 206 306 202 105 301 301 303 202 300 101 203 306 105 -1
11 23 206 100 203 102 303 301 303 102 302 105 200 306 201 -1
11 21 300 206 104 303 100 105 302 304 105 106 102 300 201 304 305 204 -1
11 20 105 206 302 101 106 204 303 305 202 101 106 203 202 203 -1
11 20 302 300 101 305 206 205 204 203 101 201 202 301 302 303 -1
10 20 201 202 301 201 203 304 103 101 302 101 102 100 100 -1
10 23 101 205 106 201 103 204 103 104 205 300 302 303 301 306 -1
11 22 204 300 100 306 202 103 100 100 103 100 201 302 302 202 301 303 -1
11 21 101 103 306 104 203 105 304 301 206 105 200 100 300 305 -1
10 23 203 200 100 305 105 200 202 200 204 102 300 205 104 306 204 -1
11 22 101 106 103 205 201 306 206 306 206 301 103 206 104 300 -1
11 21 100 305 201 202 100 206 300 305 204 206 102 304 204 105 306 -1
11 21 102 305 106 302 201 200 100 300 100 101 302 303 304 205 -1
10 22 206 302 200 103 104 206 102 101 305 300 300 104 100 304 -1
2011
2012
10 21 101 301 203 100 102 104 202 104 104 304 200 201 205 205 205 -1
11 20 202 305 204 303 202 104 306 104 201 200 200 306 -1
11 20 206 202 206 205 300 306 203 205 102 203 200 102 306 -1
10 22 204 202 300 200 303 100 303 106 301 104 300 -1
11 22 205 104 101 206 301 106 304 305 300 201 300 206 -1
10 23 202 102 106 106 106 306 205 104 206 301 300 306 302 104 300 206 101 -1
10 22 101 203 201 205 103 201 306 304 302 202 304 105 206 306 200 -1
10 20 100 302 206 201 201 302 201 305 206 101 205 201 103 305 106 -1
11 21 306 202 100 106 101 304 102 205 305 200 106 103 -1
10 21 101 104 305 305 306 302 206 102 205 206 100 106 201 101 -1
11 20 103 305 206 303 102 305 206 302 102 205 301 105 -1
11 21 200 202 302 104 205 204 104 204 202 300 203 -1
11 20 103 301 306 306 206 106 303 204 105 303 301 302 -1
2012
2013
10 21 102 202 305 103 101 203 203 202 302 303 300 105 306 303 304 103 101 -1
11 21 305 106 205 102 200 106 204 304 105 300 101 106 -1
10 21 300 300 101 202 306 104 201 206 305 100 105 106 106 201 106 -1
11 22 206 203 303 303 302 200 301 201 103 203 200 105 306 203 -1
10 23 102 102 300 303 302 105 301 106 106 200 100 204 202 304 -1
10 21 300 302 206 206 301 301 102 203 305 302 306 103 103 -1
10 23 106 200 306 206 101 204 302 306 304 305 106 -1
11 21 205 106 206 303 301 302 206 105 300 202 204 300 105 205 105 304 -1
10 21 305 101 300 304 203 203 206 302 302 201 301 301 104 101 205 -1
11 22 200 302 202 200 101 100 205 302 103 103 305 300 106 106 -1
11 22 202 203 104 203 105 105 305 302 104 206 104 201 105 -1
2013
2014
10 22 302 206 200 303 100 202 106 300 306 102 206 303 102 303 305 -1
11 23 305 205 102 200 202 203 206 101 302 306 100 303 203 100 206 105 -1
10 20 303 301 102 101 203 104 301 105 100 106 306 103 103 100 101 301 -1
10 21 106 205 101 105 303 203 200 201 100 202 102 205 -1
10 22 300 306 206 302 301 300 306 100 104 302 204 -1
11 21 305 200 306 301 102 306 106 202 106 204 201 301 203 205 -1
11 22 205 201 205 206 100 102 306 304 103 100 102 104 200 300 205 -1
11 23 100 100 103 200 303 204 100 201 306 206 101 302 201 -1
10 23 203 105 200 202 105 203 205 302 106 303 104 304 202 304 104 201 -1
11 22 101 100 203 300 101 100 100 206 304 201 103 201 204 201 306 -1
11 20 305 104 100 103 104 304 205 203 300 304 304 305 101 -1
10 21 206 301 204 303 304 204 106 102 100 203 205 203 -1
10 20 204 105 204 206 105 105 103 205 203 103 305 304 203 105 301 104 -1
11 22 302 203 200 203 100 201 102 205 302 300 300 204 303 305 -1
2014
2015
10 20 200 106 302 104 105 201 306 205 302 104 201 304 201 304 -1
11 23 301 303 205 300 300 101 202 303 300 203 300 104 302 -1
11 21 206 203 102 103 205 102 202 104 105 103 305 106 202 204 306 -1
11 20 203 105 105 301 300 206 202 206 100 302 304 300 105 306 -1
11 23 202 305 202 104 204 206 306 204 103 202 303 204 306 106 205 301 204 -1
11 23 203 101 300 100 103 106 100 105 205 201 300 200 304 306 302 -1
11 23 202 205 200 306 202 104 300 204 203 102 100 105 305 -1
10 20 104 201 204 201 300 304 204 303 101 202 104 303 305 -1
10 20 206 206 305 104 204 205 206 104 304 301 100 301 306 302 105 -1
11 23 302 105 204 303 202 306 205 306 304 200 201 105 100 202 204 -1
10 20 302 303 300 304 301 200 203 100 205 303 200 205 301 -1
11 23 304 205 206 104 202 106 103 301 205 300 103 102 -1
11 20 204 103 306 102 202 103 304 106 103 100 201 305 103 101 105 104 -1
2015
2016
11 23 102 200 303 305 202 304 103 205 302 301 304 306 202 304 -1
10 22 302 306 202 305 306 300 106 100 301 202 104 304 200 -1
11 23 301 100 300 300 103 306 104 201 304 301 204 302 305 304 203 201 202 -1
11 21 104 104 202 106 103 205 301 201 203 305 201 302 200 200 106 106 302 203 -1
10 21 306 100 203 304 303 303 104 301 303 305 301 102 -1
10 22 204 204 106 305 306 203 104 304 106 106 200 205 100 -1
10 22 200 300 300 105 100 302 100 203 304 206 106 205 206 301 100 105 -1
11 23 306 101 102 103 200 300 204 205 202 105 300 101 304 102 206 104 101 -1
11 22 202 106 300 104 301 304 203 201 103 105 101 203 106 102 -1
10 21 101 205 106 201 105 304 301 200 206 306 204 304 203 305 -1
10 22 101 106 103 300 103 206 300 300 304 104 105 200 204 -1
10 22 305 200 106 103 201 303 104 104 202 101 204 305 304 -1
11 23 103 201 306 105 100 302 201 200 100 102 102 304 -1
10 21 301 104 301 202 204 305 300 205 102 304 205 100 203 -1
2016
5 102 -1
11 21 301 104 303 302 101 202 102 300 305 104 203 104 -1
2016
-1
